2014-04-18T15:22:45.000000Z 0.84 -0.59 0.34
2014-04-18T15:22:45.000000Z 0.75 -0.59 0.34
2014-04-18T15:22:45.000000Z 0.72 -0.53 0.47
2014-04-18T15:22:45.000000Z 0.63 -0.50 0.50
2014-04-18T15:22:45.000000Z 0.69 -0.56 0.50
2014-04-18T15:22:45.000000Z 0.78 -0.59 0.50
2014-04-18T15:22:45.000000Z 0.69 -0.66 0.50
2014-04-18T15:22:45.000000Z 0.69 -0.50 0.56
2014-04-18T15:22:45.000000Z 0.66 -0.41 0.59
2014-04-18T15:22:45.000000Z 0.69 -0.41 0.59
2014-04-18T15:22:45.000000Z 0.66 -0.47 0.66
2014-04-18T15:22:45.000000Z 0.66 -0.44 0.72
2014-04-18T15:22:45.000000Z 0.66 -0.44 0.72
2014-04-18T15:22:45.000000Z 0.53 -0.38 0.75
2014-04-18T15:22:45.000000Z 0.59 -0.28 0.72
2014-04-18T15:22:45.000000Z 0.63 -0.25 0.69
2014-04-18T15:22:45.000000Z 0.56 -0.28 0.81
2014-04-18T15:22:45.000000Z 0.53 -0.22 0.88
2014-04-18T15:22:45.000000Z 0.50 -0.25 0.88
2014-04-18T15:22:45.000000Z 0.50 -0.22 0.75
2014-04-18T15:22:45.000000Z 0.50 -0.16 0.72
2014-04-18T15:22:45.000000Z 0.59 -0.13 0.78
2014-04-18T15:22:45.000000Z 0.56 -0.22 0.88
2014-04-18T15:22:45.000000Z 0.75 0.22 0.75
2014-04-18T15:22:45.000000Z 0.50 -0.09 0.81
2014-04-18T15:22:45.000000Z 0.38 -0.22 0.75
2014-04-18T15:22:45.000000Z 0.59 -0.25 0.88
2014-04-18T15:22:45.000000Z 0.41 -0.03 1.00
2014-04-18T15:22:46.000000Z 0.19 0.19 0.88
2014-04-18T15:22:46.000000Z 0.25 -0.09 0.84
2014-04-18T15:22:46.000000Z 0.41 0.06 0.94
2014-04-18T15:22:46.000000Z 0.44 -0.19 0.91
2014-04-18T15:22:46.000000Z 0.84 -0.25 0.66
2014-04-18T15:22:46.000000Z 0.09 0.00 0.44
2014-04-18T15:22:46.000000Z 0.53 0.72 0.69
2014-04-18T15:22:46.000000Z 0.28 0.81 0.03
2014-04-18T15:22:46.000000Z 1.50 0.81 0.44
2014-04-18T15:22:46.000000Z -0.19 0.28 0.88
2014-04-18T15:22:46.000000Z -0.94 0.53 1.13
2014-04-18T15:22:46.000000Z -0.69 0.63 1.03
2014-04-18T15:22:46.000000Z 0.00 0.63 0.97
2014-04-18T15:22:46.000000Z -1.00 -0.25 1.09
2014-04-18T15:22:46.000000Z -0.28 0.78 0.72
2014-04-18T15:22:46.000000Z -0.03 0.59 0.47
2014-04-18T15:22:46.000000Z 0.06 0.88 0.31
2014-04-18T15:22:46.000000Z 0.16 0.91 0.25
2014-04-18T15:22:46.000000Z 0.25 0.91 0.00
2014-04-18T15:22:46.000000Z 0.28 0.97 -0.16
2014-04-18T15:22:46.000000Z 0.28 0.63 -0.09
2014-04-18T15:22:46.000000Z 0.16 0.72 -0.19
2014-04-18T15:22:46.000000Z 0.22 0.88 -0.47
2014-04-18T15:22:46.000000Z 0.50 1.16 -0.81
2014-04-18T15:22:46.000000Z 0.59 1.13 -0.94
2014-04-18T15:22:46.000000Z 0.38 0.91 -0.72
2014-04-18T15:22:46.000000Z 0.38 1.00 -0.66
2014-04-18T15:22:46.000000Z 0.59 1.25 -0.78
2014-04-18T15:22:46.000000Z 0.47 1.00 -0.72
2014-04-18T15:22:46.000000Z 0.41 0.69 -0.44
2014-04-18T15:22:46.000000Z 0.22 0.75 0.03
2014-04-18T15:22:46.000000Z 0.16 0.75 0.06
2014-04-18T15:22:46.000000Z 0.22 1.38 0.03
2014-04-18T15:22:47.000000Z 0.59 1.06 0.72
2014-04-18T15:22:47.000000Z -0.03 0.91 0.38
2014-04-18T15:22:47.000000Z 0.00 -1.16 1.00
2014-04-18T15:22:47.000000Z 0.06 0.75 0.94
2014-04-18T15:22:47.000000Z 0.47 1.00 0.81
2014-04-18T15:22:47.000000Z 0.56 1.00 0.53
2014-04-18T15:22:47.000000Z -0.25 0.78 0.50
2014-04-18T15:22:47.000000Z -0.41 0.84 0.72
2014-04-18T15:22:47.000000Z 0.19 0.66 0.53
2014-04-18T15:22:47.000000Z 0.50 0.38 0.44
2014-04-18T15:22:47.000000Z 0.44 0.66 0.44
2014-04-18T15:22:47.000000Z 0.19 1.19 0.50
2014-04-18T15:22:47.000000Z 0.09 0.81 0.38
2014-04-18T15:22:47.000000Z 0.34 0.63 0.34
2014-04-18T15:22:47.000000Z 0.56 0.88 0.31
2014-04-18T15:22:47.000000Z 0.44 1.13 0.34
2014-04-18T15:22:47.000000Z 0.34 1.25 0.47
2014-04-18T15:22:47.000000Z 0.25 1.03 0.59
2014-04-18T15:22:47.000000Z 0.31 0.38 0.56
2014-04-18T15:22:47.000000Z 0.34 0.56 0.66
2014-04-18T15:22:47.000000Z 0.47 0.13 0.63
2014-04-18T15:22:47.000000Z -0.47 0.47 0.75
2014-04-18T15:22:47.000000Z 0.16 0.66 0.69
2014-04-18T15:22:47.000000Z 0.69 -0.44 0.97
2014-04-18T15:22:47.000000Z 0.44 0.19 0.81
2014-04-18T15:22:47.000000Z 0.53 0.09 0.66
2014-04-18T15:22:47.000000Z 1.44 -0.63 0.78
2014-04-18T15:22:47.000000Z 0.88 -0.44 0.50
2014-04-18T15:22:47.000000Z 0.81 0.03 0.53
2014-04-18T15:22:47.000000Z 0.72 -0.41 0.66
2014-04-18T15:22:47.000000Z 0.66 -0.38 0.78
2014-04-18T15:22:48.000000Z 0.59 -0.31 0.81
2014-04-18T15:22:48.000000Z 0.63 -0.38 0.78
2014-04-18T15:22:48.000000Z 0.63 -0.44 0.66
2014-04-18T15:22:48.000000Z 0.91 -0.22 0.56
2014-04-18T15:22:48.000000Z 0.75 -0.31 0.59
2014-04-18T15:22:48.000000Z 0.81 -0.28 0.56
2014-04-18T15:22:48.000000Z 0.88 -0.22 0.44
2014-04-18T15:22:48.000000Z 1.16 -0.41 0.66
2014-04-18T15:22:48.000000Z 0.75 -0.25 0.69
2014-04-18T15:22:48.000000Z 0.81 -0.31 0.50
2014-04-18T15:22:48.000000Z 0.34 -0.25 0.56
2014-04-18T15:22:48.000000Z 0.53 -0.25 0.59
2014-04-18T15:22:48.000000Z 0.75 -0.25 1.00
2014-04-18T15:22:48.000000Z 0.59 0.78 0.94
2014-04-18T15:22:48.000000Z 0.28 0.56 1.09
2014-04-18T15:22:48.000000Z 0.38 -0.31 0.84
2014-04-18T15:22:48.000000Z 0.50 -0.50 0.50
2014-04-18T15:22:48.000000Z 0.47 -0.34 0.81
2014-04-18T15:22:48.000000Z 0.25 -0.25 0.72
2014-04-18T15:22:48.000000Z 0.34 -0.22 0.50
2014-04-18T15:22:48.000000Z 0.53 -0.25 0.78
2014-04-18T15:22:48.000000Z 0.25 -0.06 1.03
2014-04-18T15:22:48.000000Z 0.38 -0.09 1.19
2014-04-18T15:22:48.000000Z 0.41 0.16 1.34
2014-04-18T15:22:48.000000Z 0.41 -0.13 1.47
2014-04-18T15:22:48.000000Z 0.34 0.03 1.38
2014-04-18T15:22:48.000000Z 0.34 0.31 1.03
2014-04-18T15:22:48.000000Z 0.38 0.38 0.53
2014-04-18T15:22:48.000000Z 0.44 0.25 0.28
2014-04-18T15:22:48.000000Z 0.47 0.16 0.34
2014-04-18T15:22:48.000000Z 0.41 0.47 0.31
2014-04-18T15:22:48.000000Z 0.44 0.28 0.28
2014-04-18T15:22:48.000000Z 0.34 -0.22 0.75
2014-04-18T15:22:49.000000Z 0.31 -0.19 1.06
2014-04-18T15:22:49.000000Z 0.38 0.09 1.00
2014-04-18T15:22:49.000000Z 0.25 0.22 1.19
2014-04-18T15:22:49.000000Z 0.28 0.16 1.13
2014-04-18T15:22:49.000000Z 0.25 0.06 1.13
2014-04-18T15:22:49.000000Z 0.19 0.09 1.09
2014-04-18T15:22:49.000000Z 0.22 0.00 1.09
2014-04-18T15:22:49.000000Z 0.19 0.00 0.97
2014-04-18T15:22:49.000000Z 0.19 -0.03 0.84
2014-04-18T15:22:49.000000Z 0.19 -0.06 0.66
2014-04-18T15:22:49.000000Z 0.25 0.00 0.28
2014-04-18T15:22:49.000000Z 0.16 0.00 0.34
2014-04-18T15:22:49.000000Z 0.19 -0.06 0.31
2014-04-18T15:22:49.000000Z 0.13 0.03 0.56
2014-04-18T15:22:49.000000Z 0.13 0.13 0.84
2014-04-18T15:22:49.000000Z -0.19 0.16 2.00
2014-04-18T15:22:49.000000Z -0.34 0.03 3.00
2014-04-18T15:22:49.000000Z -0.16 0.09 2.28
2014-04-18T15:22:49.000000Z -0.09 0.09 1.34
2014-04-18T15:22:49.000000Z -0.13 0.03 0.44
2014-04-18T15:22:49.000000Z 0.16 0.03 -0.50
2014-04-18T15:22:49.000000Z 0.34 0.00 -0.91
2014-04-18T15:22:49.000000Z 0.22 0.06 -0.44
2014-04-18T15:22:49.000000Z 0.06 0.06 0.75
2014-04-18T15:22:49.000000Z -0.25 -0.06 3.25
2014-04-18T15:22:49.000000Z -0.13 0.13 2.78
2014-04-18T15:22:49.000000Z -0.06 0.13 1.47
2014-04-18T15:22:49.000000Z -0.03 0.00 0.28
2014-04-18T15:22:49.000000Z 0.31 -0.06 -0.59
2014-04-18T15:22:49.000000Z 0.41 0.00 -0.91
2014-04-18T15:22:49.000000Z 0.19 0.44 -0.41
2014-04-18T15:22:50.000000Z -0.28 0.22 1.97
2014-04-18T15:22:50.000000Z -0.25 -0.75 3.25
2014-04-18T15:22:50.000000Z -0.06 -0.22 2.28
2014-04-18T15:22:50.000000Z 0.03 -0.16 1.25
2014-04-18T15:22:50.000000Z 0.03 -0.16 0.59
2014-04-18T15:22:50.000000Z 0.09 0.09 -0.34
2014-04-18T15:22:50.000000Z 0.31 0.31 -0.66
2014-04-18T15:22:50.000000Z 0.28 0.41 -0.25
2014-04-18T15:22:50.000000Z -0.03 0.31 1.03
2014-04-18T15:22:50.000000Z -0.19 -0.44 2.75
2014-04-18T15:22:50.000000Z -0.16 -0.19 2.41
2014-04-18T15:22:50.000000Z -0.03 -0.03 1.34
2014-04-18T15:22:50.000000Z 0.03 -0.13 0.41
2014-04-18T15:22:50.000000Z 0.13 -0.03 -0.22
2014-04-18T15:22:50.000000Z 0.25 0.19 -0.50
2014-04-18T15:22:50.000000Z 0.25 0.25 -0.16
2014-04-18T15:22:50.000000Z -0.09 0.22 1.59
2014-04-18T15:22:50.000000Z -0.19 -0.25 2.91
2014-04-18T15:22:50.000000Z -0.09 0.00 2.34
2014-04-18T15:22:50.000000Z 0.00 0.03 1.44
2014-04-18T15:22:50.000000Z 0.13 0.03 0.41
2014-04-18T15:22:50.000000Z 0.13 0.00 0.00
2014-04-18T15:22:50.000000Z 0.19 -0.06 -0.47
2014-04-18T15:22:50.000000Z 0.34 0.13 -0.47
2014-04-18T15:22:50.000000Z 0.16 0.22 0.34
2014-04-18T15:22:50.000000Z -0.28 0.09 2.47
2014-04-18T15:22:50.000000Z -0.28 -0.41 2.94
2014-04-18T15:22:50.000000Z -0.16 0.13 2.09
2014-04-18T15:22:50.000000Z -0.06 0.00 0.72
2014-04-18T15:22:50.000000Z 0.19 0.00 -0.16
2014-04-18T15:22:50.000000Z 0.31 0.09 -0.63
2014-04-18T15:22:50.000000Z 0.25 0.09 -0.31
2014-04-18T15:22:51.000000Z 0.06 0.09 0.94
2014-04-18T15:22:51.000000Z -0.41 -0.09 3.16
2014-04-18T15:22:51.000000Z -0.22 -0.16 2.53
2014-04-18T15:22:51.000000Z -0.09 0.00 1.41
2014-04-18T15:22:51.000000Z 0.00 -0.19 0.50
2014-04-18T15:22:51.000000Z 0.19 -0.03 -0.25
2014-04-18T15:22:51.000000Z 0.34 0.09 -0.78
2014-04-18T15:22:51.000000Z 0.19 0.28 -0.13
2014-04-18T15:22:51.000000Z -0.03 0.19 1.56
2014-04-18T15:22:51.000000Z -0.47 -0.22 3.31
2014-04-18T15:22:51.000000Z -0.19 -0.38 2.59
2014-04-18T15:22:51.000000Z -0.13 -0.25 1.25
2014-04-18T15:22:51.000000Z 0.06 -0.25 0.03
2014-04-18T15:22:51.000000Z 0.25 0.06 -0.53
2014-04-18T15:22:51.000000Z 0.22 0.38 -0.56
2014-04-18T15:22:51.000000Z 0.22 0.28 -0.09
2014-04-18T15:22:51.000000Z 0.03 0.28 1.31
2014-04-18T15:22:51.000000Z -0.41 -0.28 3.38
2014-04-18T15:22:51.000000Z -0.16 -0.22 2.31
2014-04-18T15:22:51.000000Z 0.00 -0.22 1.06
2014-04-18T15:22:51.000000Z 0.06 -0.22 0.03
2014-04-18T15:22:51.000000Z 0.13 0.00 -0.56
2014-04-18T15:22:51.000000Z 0.28 0.25 -0.75
2014-04-18T15:22:51.000000Z 0.16 0.25 0.00
2014-04-18T15:22:51.000000Z -0.22 0.41 1.91
2014-04-18T15:22:51.000000Z -0.34 -0.63 3.03
2014-04-18T15:22:51.000000Z -0.06 -0.25 1.84
2014-04-18T15:22:51.000000Z 0.06 -0.09 0.91
2014-04-18T15:22:51.000000Z 0.16 0.03 0.47
2014-04-18T15:22:51.000000Z 0.16 0.09 0.47
2014-04-18T15:22:52.000000Z 0.19 -0.06 0.81
2014-04-18T15:22:52.000000Z 0.16 -0.09 1.00
2014-04-18T15:22:52.000000Z 0.13 -0.06 1.09
2014-04-18T15:22:52.000000Z 0.16 0.00 0.91
2014-04-18T15:22:52.000000Z 0.16 -0.13 0.81
2014-04-18T15:22:52.000000Z 0.22 -0.31 0.94
2014-04-18T15:22:52.000000Z 0.22 -0.28 0.88
2014-04-18T15:22:52.000000Z 0.25 -0.41 0.91
2014-04-18T15:22:52.000000Z 0.25 -0.38 0.91
2014-04-18T15:22:52.000000Z 0.28 -0.22 0.81
2014-04-18T15:22:52.000000Z 0.28 -0.28 0.84
2014-04-18T15:22:52.000000Z 0.28 -0.47 0.81
2014-04-18T15:22:52.000000Z 0.38 -0.38 0.97
2014-04-18T15:22:52.000000Z 0.34 -0.25 0.84
2014-04-18T15:22:52.000000Z 0.28 -0.25 0.88
2014-04-18T15:22:52.000000Z 0.31 -0.38 0.84
2014-04-18T15:22:52.000000Z 0.28 -0.25 0.81
2014-04-18T15:22:52.000000Z 0.09 0.13 1.03
2014-04-18T15:22:52.000000Z 0.22 -0.41 0.91
2014-04-18T15:22:52.000000Z 0.31 -0.09 0.75
2014-04-18T15:22:52.000000Z 0.56 -0.44 1.00
2014-04-18T15:22:52.000000Z 0.09 -0.25 0.84
2014-04-18T15:22:52.000000Z 0.50 1.34 0.84
2014-04-18T15:22:52.000000Z 0.41 0.13 1.09
2014-04-18T15:22:52.000000Z 0.09 0.22 1.03
2014-04-18T15:22:52.000000Z 0.16 0.13 1.03
2014-04-18T15:22:52.000000Z 0.09 0.13 0.94
2014-04-18T15:22:52.000000Z 0.78 -0.13 1.09
2014-04-18T15:22:52.000000Z 0.72 0.06 0.97
2014-04-18T15:22:53.000000Z 0.13 0.38 0.94
2014-04-18T15:22:53.000000Z 0.00 0.13 0.88
2014-04-18T15:22:53.000000Z 0.31 0.09 0.75
2014-04-18T15:22:53.000000Z 0.03 0.13 1.09
2014-04-18T15:22:53.000000Z 0.44 -0.13 0.91
2014-04-18T15:22:53.000000Z -0.06 -0.25 1.00
2014-04-18T15:22:53.000000Z 0.22 -0.47 0.72
2014-04-18T15:22:53.000000Z -0.16 -0.53 0.94
2014-04-18T15:22:53.000000Z -0.19 -0.69 0.75
2014-04-18T15:22:53.000000Z 0.19 -0.41 0.63
2014-04-18T15:22:53.000000Z 0.63 -0.88 -0.13
2014-04-18T15:22:53.000000Z 1.38 5.06 0.97
2014-04-18T15:22:53.000000Z 1.84 -0.91 0.75
2014-04-18T15:22:53.000000Z 0.91 -0.53 1.06
2014-04-18T15:22:53.000000Z 0.00 -0.09 0.91
2014-04-18T15:22:53.000000Z -0.06 -0.72 0.47
2014-04-18T15:22:53.000000Z 0.22 -0.69 0.66
2014-04-18T15:22:53.000000Z 0.53 -0.72 0.72
2014-04-18T15:22:53.000000Z 0.63 -0.66 0.63
2014-04-18T15:22:53.000000Z 0.38 -0.50 0.75
2014-04-18T15:22:53.000000Z 0.69 -0.44 0.63
2014-04-18T15:22:53.000000Z 0.19 -0.72 0.72
2014-04-18T15:22:53.000000Z 0.47 -0.78 0.69
2014-04-18T15:22:53.000000Z 0.31 -0.56 0.59
2014-04-18T15:22:53.000000Z 0.56 -0.53 0.56
2014-04-18T15:22:53.000000Z 0.56 -0.66 0.53
2014-04-18T15:22:53.000000Z 0.63 -0.44 0.56
2014-04-18T15:22:53.000000Z 0.22 -0.50 0.72
2014-04-18T15:22:53.000000Z 0.34 -0.66 0.75
2014-04-18T15:22:53.000000Z 0.34 -0.63 0.75
2014-04-18T15:22:54.000000Z 0.16 -0.53 0.69
2014-04-18T15:22:54.000000Z 0.03 -0.69 0.59
2014-04-18T15:22:54.000000Z -0.09 -0.84 0.75
2014-04-18T15:22:54.000000Z 0.22 -0.88 0.78
2014-04-18T15:22:54.000000Z 0.28 -0.69 0.66
2014-04-18T15:22:54.000000Z 0.91 -0.91 0.56
2014-04-18T15:22:54.000000Z 0.41 -0.78 0.84
2014-04-18T15:22:54.000000Z 0.31 -0.56 0.72
2014-04-18T15:22:54.000000Z 0.28 -0.50 0.69
2014-04-18T15:22:54.000000Z 0.31 -0.59 0.56
2014-04-18T15:22:54.000000Z 0.28 -0.53 0.41
2014-04-18T15:22:54.000000Z 0.78 -0.56 0.47
2014-04-18T15:22:54.000000Z 0.56 -0.47 0.53
2014-04-18T15:22:54.000000Z 0.63 -0.50 0.63
2014-04-18T15:22:54.000000Z 0.72 -0.94 0.53
2014-04-18T15:22:54.000000Z 0.69 -0.59 0.44
2014-04-18T15:22:54.000000Z 0.59 -0.31 0.38
2014-04-18T15:22:54.000000Z 0.66 -0.78 0.41
2014-04-18T15:22:54.000000Z 0.38 -0.78 0.53
2014-04-18T15:22:54.000000Z 0.16 -0.19 0.34
2014-04-18T15:22:54.000000Z 0.28 -0.78 0.28
2014-04-18T15:22:54.000000Z 0.22 -1.34 0.44
2014-04-18T15:22:54.000000Z 0.00 -0.91 0.28
2014-04-18T15:22:54.000000Z 0.09 -0.94 0.00
2014-04-18T15:22:54.000000Z 0.34 -1.16 -0.09
2014-04-18T15:22:54.000000Z 0.47 -1.09 -0.16
2014-04-18T15:22:54.000000Z 0.25 -1.31 0.13
2014-04-18T15:22:54.000000Z 0.13 -1.50 0.38
2014-04-18T15:22:54.000000Z 0.25 -1.03 0.41
2014-04-18T15:22:54.000000Z 0.22 -0.38 0.31
2014-04-18T15:22:55.000000Z -0.22 -0.94 0.34
2014-04-18T15:22:55.000000Z -0.03 -1.22 0.44
2014-04-18T15:22:55.000000Z 0.16 -1.47 0.28
2014-04-18T15:22:55.000000Z 0.00 -1.19 -0.16
2014-04-18T15:22:55.000000Z 0.00 -1.06 -0.13
2014-04-18T15:22:55.000000Z -0.31 -1.03 -0.13
2014-04-18T15:22:55.000000Z -0.03 -1.06 -0.19
2014-04-18T15:22:55.000000Z -0.13 -1.06 -0.25
2014-04-18T15:22:55.000000Z -0.09 -1.03 -0.25
2014-04-18T15:22:55.000000Z -0.06 -1.00 -0.19
2014-04-18T15:22:55.000000Z -0.06 -1.03 -0.13
2014-04-18T15:22:55.000000Z -0.06 -1.00 -0.06
2014-04-18T15:22:55.000000Z -0.09 -1.00 -0.25
2014-04-18T15:22:55.000000Z -0.06 -1.06 -0.19
2014-04-18T15:22:55.000000Z -0.06 -1.03 -0.28
2014-04-18T15:22:55.000000Z 0.03 -0.81 -0.19
2014-04-18T15:22:55.000000Z -0.16 -1.13 -0.22
2014-04-18T15:22:55.000000Z 0.06 -1.00 -0.31
2014-04-18T15:22:55.000000Z 0.00 -0.81 -0.38
2014-04-18T15:22:55.000000Z 0.00 -1.16 -0.41
2014-04-18T15:22:55.000000Z -0.09 -0.94 -0.53
2014-04-18T15:22:55.000000Z 0.00 -0.97 -0.50
2014-04-18T15:22:55.000000Z 0.13 -0.75 -0.50
2014-04-18T15:22:55.000000Z 0.13 -1.03 -0.47
2014-04-18T15:22:55.000000Z 0.25 -0.97 -0.34
2014-04-18T15:22:55.000000Z 0.16 -0.97 -0.56
2014-04-18T15:22:55.000000Z 0.16 -1.88 -0.75
2014-04-18T15:22:55.000000Z 0.03 -0.66 -0.50
2014-04-18T15:22:55.000000Z -0.09 -0.78 -0.59
2014-04-18T15:22:56.000000Z -0.13 -0.81 -0.63
2014-04-18T15:22:56.000000Z -0.03 -0.84 -0.53
2014-04-18T15:22:56.000000Z -0.03 -0.91 -0.50
2014-04-18T15:22:56.000000Z -0.22 -0.84 -0.53
2014-04-18T15:22:56.000000Z -0.19 -0.94 -0.59
2014-04-18T15:22:56.000000Z -0.13 -1.44 -0.75
2014-04-18T15:22:56.000000Z -0.25 -0.53 -0.69
2014-04-18T15:22:56.000000Z -0.19 -1.03 -0.63
2014-04-18T15:22:56.000000Z -0.25 -0.84 -0.75
2014-04-18T15:22:56.000000Z -0.22 -0.81 -0.56
2014-04-18T15:22:56.000000Z -0.22 -0.81 -0.66
2014-04-18T15:22:56.000000Z -0.41 -0.59 -0.72
2014-04-18T15:22:56.000000Z -0.34 -0.56 -0.56
2014-04-18T15:22:56.000000Z -0.44 -0.75 -0.53
2014-04-18T15:22:56.000000Z -0.47 -0.78 -0.59
2014-04-18T15:22:56.000000Z -0.50 -0.72 -0.53
2014-04-18T15:22:56.000000Z -0.47 -0.94 -0.56
2014-04-18T15:22:56.000000Z -0.28 -0.69 -0.56
2014-04-18T15:22:56.000000Z -0.56 -0.69 -0.50
2014-04-18T15:22:56.000000Z -0.75 -0.72 -0.56
2014-04-18T15:22:56.000000Z -0.38 -0.56 -0.53
2014-04-18T15:22:56.000000Z -0.69 -0.69 -0.88
2014-04-18T15:22:56.000000Z -0.75 -0.72 -0.69
2014-04-18T15:22:56.000000Z -1.00 -0.56 -0.84
2014-04-18T15:22:56.000000Z -1.38 -0.91 -0.88
2014-04-18T15:22:56.000000Z -1.09 -0.66 -0.69
2014-04-18T15:22:56.000000Z -1.00 -0.59 -0.56
2014-04-18T15:22:56.000000Z -0.97 -0.47 -0.44
2014-04-18T15:22:56.000000Z -0.94 -0.44 -0.31
2014-04-18T15:22:56.000000Z -0.78 -0.50 -0.19
2014-04-18T15:22:57.000000Z -0.66 -0.38 -0.19
2014-04-18T15:22:57.000000Z -0.81 -0.34 -0.44
2014-04-18T15:22:57.000000Z -0.75 -0.66 -0.44
2014-04-18T15:22:57.000000Z -0.66 -0.41 -0.34
2014-04-18T15:22:57.000000Z -0.78 -0.41 -0.38
2014-04-18T15:22:57.000000Z -0.69 -0.38 -0.38
2014-04-18T15:22:57.000000Z -0.47 -0.50 -0.31
2014-04-18T15:22:57.000000Z -0.63 -0.81 -0.41
2014-04-18T15:22:57.000000Z -0.84 -0.56 -0.44
2014-04-18T15:22:57.000000Z -0.72 -0.47 -0.34
2014-04-18T15:22:57.000000Z -0.75 -0.63 -0.31
2014-04-18T15:22:57.000000Z -0.63 -0.56 -0.31
2014-04-18T15:22:57.000000Z -0.63 -0.47 -0.25
2014-04-18T15:22:57.000000Z -0.69 -0.59 -0.34
2014-04-18T15:22:57.000000Z -0.53 -0.44 -0.31
2014-04-18T15:22:57.000000Z -0.53 -0.44 -0.38
2014-04-18T15:22:57.000000Z -0.56 -0.63 -0.41
2014-04-18T15:22:57.000000Z -0.63 -0.56 -0.50
2014-04-18T15:22:57.000000Z -0.69 -0.72 -0.53
2014-04-18T15:22:57.000000Z -0.50 -0.94 -0.47
2014-04-18T15:22:57.000000Z -0.59 -0.78 -0.50
2014-04-18T15:22:57.000000Z -0.66 -0.81 -0.50
2014-04-18T15:22:57.000000Z -0.53 -0.84 -0.50
2014-04-18T15:22:57.000000Z -0.47 -0.75 -0.47
2014-04-18T15:22:57.000000Z -0.53 -0.72 -0.50
2014-04-18T15:22:57.000000Z -0.53 -0.75 -0.47
2014-04-18T15:22:57.000000Z -0.47 -0.69 -0.44
2014-04-18T15:22:57.000000Z -0.56 -0.75 -0.47
2014-04-18T15:22:57.000000Z -0.50 -0.75 -0.44
2014-04-18T15:22:58.000000Z -0.53 -0.78 -0.53
2014-04-18T15:22:58.000000Z -0.50 -0.72 -0.47
2014-04-18T15:22:58.000000Z -0.56 -0.75 -0.50
2014-04-18T15:22:58.000000Z -0.50 -0.72 -0.47
2014-04-18T15:22:58.000000Z -0.59 -0.78 -0.50
2014-04-18T15:22:58.000000Z -0.63 -0.72 -0.50
2014-04-18T15:22:58.000000Z -0.59 -0.72 -0.44
2014-04-18T15:22:58.000000Z -0.56 -0.69 -0.47
2014-04-18T15:22:58.000000Z -0.59 -0.69 -0.53
2014-04-18T15:22:58.000000Z -0.63 -0.66 -0.44
2014-04-18T15:22:58.000000Z -0.72 -0.78 -0.47
2014-04-18T15:22:58.000000Z -0.63 -0.75 -0.50
2014-04-18T15:22:58.000000Z -0.63 -0.72 -0.47
2014-04-18T15:22:58.000000Z -0.59 -0.63 -0.44
2014-04-18T15:22:58.000000Z -0.63 -0.53 -0.41
2014-04-18T15:22:58.000000Z -0.75 -0.50 -0.47
2014-04-18T15:22:58.000000Z -0.75 -0.53 -0.41
2014-04-18T15:22:58.000000Z -0.75 -0.78 -0.44
2014-04-18T15:22:58.000000Z -0.69 -0.66 -0.47
2014-04-18T15:22:58.000000Z -0.72 -0.53 -0.38
2014-04-18T15:22:58.000000Z -0.75 -0.53 -0.41
2014-04-18T15:22:58.000000Z -0.75 -0.50 -0.38
2014-04-18T15:22:58.000000Z -0.75 -0.53 -0.41
2014-04-18T15:22:58.000000Z -0.72 -0.53 -0.31
2014-04-18T15:22:58.000000Z -0.72 -0.56 -0.25
2014-04-18T15:22:58.000000Z -0.78 -0.50 -0.31
2014-04-18T15:22:58.000000Z -0.88 -0.38 -0.41
2014-04-18T15:22:58.000000Z -0.81 -0.44 -0.41
2014-04-18T15:22:58.000000Z -0.72 -0.44 -0.34
2014-04-18T15:22:58.000000Z -0.78 -0.28 -0.34
2014-04-18T15:22:59.000000Z -0.84 -0.19 -0.38
2014-04-18T15:22:59.000000Z -0.88 -0.22 -0.34
2014-04-18T15:22:59.000000Z -1.03 -0.28 -0.34
2014-04-18T15:22:59.000000Z -1.03 -0.25 -0.41
2014-04-18T15:22:59.000000Z -0.97 -0.22 -0.22
2014-04-18T15:22:59.000000Z -1.16 -0.16 -0.38
2014-04-18T15:22:59.000000Z -0.97 -0.09 -0.41
2014-04-18T15:22:59.000000Z -0.78 -0.19 -0.25
2014-04-18T15:22:59.000000Z -0.97 -0.19 -0.34
2014-04-18T15:22:59.000000Z -0.78 -0.06 -0.31
2014-04-18T15:22:59.000000Z -0.69 -0.06 -0.25
2014-04-18T15:22:59.000000Z -0.72 -0.22 -0.25
2014-04-18T15:22:59.000000Z -1.03 -0.19 -0.16
2014-04-18T15:22:59.000000Z -1.22 0.03 -0.09
2014-04-18T15:22:59.000000Z -1.16 -0.25 -0.16
2014-04-18T15:22:59.000000Z -1.09 -0.16 -0.34
2014-04-18T15:22:59.000000Z -1.47 0.28 -0.19
2014-04-18T15:22:59.000000Z -1.03 0.44 0.03
2014-04-18T15:22:59.000000Z -1.13 0.31 -0.22
2014-04-18T15:22:59.000000Z -1.13 -0.22 -0.41
2014-04-18T15:22:59.000000Z -0.78 -0.41 -0.50
2014-04-18T15:22:59.000000Z -1.03 0.13 -0.44
2014-04-18T15:22:59.000000Z -0.97 0.56 -0.25
2014-04-18T15:22:59.000000Z -0.78 0.31 -0.16
2014-04-18T15:22:59.000000Z -1.13 -0.34 -0.47
2014-04-18T15:22:59.000000Z -1.38 0.44 -0.25
2014-04-18T15:22:59.000000Z -0.88 0.34 -0.13
2014-04-18T15:22:59.000000Z -0.81 0.06 -0.25
2014-04-18T15:22:59.000000Z -0.94 0.28 -0.50
2014-04-18T15:23:0.000000Z -0.91 0.22 -0.38
2014-04-18T15:23:0.000000Z -0.91 0.31 -0.38
2014-04-18T15:23:0.000000Z -0.84 0.19 -0.41
2014-04-18T15:23:0.000000Z -1.00 0.22 -0.41
2014-04-18T15:23:0.000000Z -0.97 0.38 -0.44
2014-04-18T15:23:0.000000Z -1.00 0.13 -0.41
2014-04-18T15:23:0.000000Z -0.84 0.31 -0.44
2014-04-18T15:23:0.000000Z -0.78 0.34 -0.41
2014-04-18T15:23:0.000000Z -0.94 0.09 -0.56
2014-04-18T15:23:0.000000Z -0.81 0.19 -0.59
2014-04-18T15:23:0.000000Z -0.91 0.19 -0.69
2014-04-18T15:23:0.000000Z -0.88 0.16 -0.66
2014-04-18T15:23:0.000000Z -0.78 0.13 -0.59
2014-04-18T15:23:0.000000Z -0.78 0.13 -0.69
2014-04-18T15:23:0.000000Z -0.75 0.00 -0.66
2014-04-18T15:23:0.000000Z -0.78 -0.03 -0.66
2014-04-18T15:23:0.000000Z -0.75 0.00 -0.69
2014-04-18T15:23:0.000000Z -1.00 -0.09 -0.88
2014-04-18T15:23:0.000000Z -0.59 -0.25 -0.78
2014-04-18T15:23:0.000000Z -0.78 0.09 -0.59
2014-04-18T15:23:0.000000Z -0.75 -0.31 -0.66
2014-04-18T15:23:0.000000Z -0.75 -0.41 -0.69
2014-04-18T15:23:0.000000Z -0.69 -0.47 -0.78
2014-04-18T15:23:0.000000Z -0.66 -0.44 -0.78
2014-04-18T15:23:0.000000Z -0.81 -0.22 -0.66
2014-04-18T15:23:0.000000Z -0.81 -0.41 -0.53
2014-04-18T15:23:0.000000Z -0.78 -0.41 -0.50
2014-04-18T15:23:0.000000Z -0.75 -0.44 -0.44
2014-04-18T15:23:0.000000Z -0.84 -0.44 -0.44
2014-04-18T15:23:0.000000Z -0.75 -0.50 -0.50
2014-04-18T15:23:1.000000Z -0.75 -0.56 -0.38
2014-04-18T15:23:1.000000Z -0.75 -0.53 -0.44
2014-04-18T15:23:1.000000Z -0.69 -0.63 -0.47
2014-04-18T15:23:1.000000Z -0.69 -0.63 -0.44
2014-04-18T15:23:1.000000Z -0.66 -0.47 -0.50
2014-04-18T15:23:1.000000Z -0.53 -0.72 -0.63
2014-04-18T15:23:1.000000Z -0.66 -0.59 -0.72
2014-04-18T15:23:1.000000Z -0.59 -0.69 -0.75
2014-04-18T15:23:1.000000Z -0.56 -0.81 -0.59
2014-04-18T15:23:1.000000Z -0.56 -0.53 -0.50
2014-04-18T15:23:1.000000Z -0.66 -0.66 -0.53
2014-04-18T15:23:1.000000Z -0.56 -0.69 -0.59
2014-04-18T15:23:1.000000Z -0.56 -0.69 -0.53
2014-04-18T15:23:1.000000Z -0.47 -0.66 -0.47
2014-04-18T15:23:1.000000Z -0.38 -0.78 -0.63
2014-04-18T15:23:1.000000Z -0.84 -0.84 -0.75
2014-04-18T15:23:1.000000Z -0.38 -0.97 -0.75
2014-04-18T15:23:1.000000Z -0.59 -0.50 -0.81
2014-04-18T15:23:1.000000Z 0.00 -1.19 -0.84
2014-04-18T15:23:1.000000Z -0.47 -0.88 -0.78
2014-04-18T15:23:1.000000Z -0.25 -0.56 -0.53
2014-04-18T15:23:1.000000Z -0.41 -0.63 -0.59
2014-04-18T15:23:1.000000Z -0.47 -0.66 -0.53
2014-04-18T15:23:1.000000Z -0.31 -0.69 -0.53
2014-04-18T15:23:1.000000Z -0.25 -0.75 -0.44
2014-04-18T15:23:1.000000Z -0.28 -0.72 -0.50
2014-04-18T15:23:1.000000Z -0.19 -0.78 -0.31
2014-04-18T15:23:1.000000Z -0.22 -0.81 -0.31
2014-04-18T15:23:1.000000Z -0.34 -0.81 -0.41
2014-04-18T15:23:2.000000Z -0.25 -0.91 -0.41
2014-04-18T15:23:2.000000Z -0.13 -1.13 -0.34
2014-04-18T15:23:2.000000Z -0.38 -1.16 -0.50
2014-04-18T15:23:2.000000Z -0.31 -0.94 -0.44
2014-04-18T15:23:2.000000Z -0.22 -0.94 -0.47
2014-04-18T15:23:2.000000Z -0.31 -0.84 -0.56
2014-04-18T15:23:2.000000Z -0.34 -0.88 -0.63
2014-04-18T15:23:2.000000Z -0.41 -0.94 -0.53
2014-04-18T15:23:2.000000Z -0.34 -0.91 -0.41
2014-04-18T15:23:2.000000Z -0.31 -0.97 -0.41
2014-04-18T15:23:2.000000Z -0.38 -0.91 -0.34
2014-04-18T15:23:2.000000Z -0.31 -0.91 -0.34
2014-04-18T15:23:2.000000Z -0.31 -1.03 -0.41
2014-04-18T15:23:2.000000Z -0.28 -0.91 -0.44
2014-04-18T15:23:2.000000Z -0.28 -0.81 -0.44
2014-04-18T15:23:2.000000Z -0.19 -0.88 -0.41
2014-04-18T15:23:2.000000Z -0.38 -1.13 -0.47
2014-04-18T15:23:2.000000Z -0.28 -1.00 -0.41
2014-04-18T15:23:2.000000Z -0.22 -0.97 -0.41
2014-04-18T15:23:2.000000Z -0.22 -1.09 -0.50
2014-04-18T15:23:2.000000Z -0.25 -0.84 -0.38
2014-04-18T15:23:2.000000Z -0.22 -0.91 -0.38
2014-04-18T15:23:2.000000Z -0.25 -0.97 -0.41
2014-04-18T15:23:2.000000Z -0.19 -0.94 -0.38
2014-04-18T15:23:27.000000Z 0.03 0.00 0.94
2014-04-18T15:23:27.000000Z 0.09 0.03 0.94
2014-04-18T15:23:27.000000Z 0.09 0.03 1.00
2014-04-18T15:23:27.000000Z 0.06 0.06 0.97
2014-04-18T15:23:27.000000Z 0.13 0.09 1.00
2014-04-18T15:23:27.000000Z 0.06 0.06 0.97
2014-04-18T15:23:27.000000Z 0.09 0.06 1.06
2014-04-18T15:23:27.000000Z 0.03 0.16 1.09
2014-04-18T15:23:27.000000Z -0.16 0.22 1.13
2014-04-18T15:23:27.000000Z 0.25 0.19 0.84
2014-04-18T15:23:27.000000Z 0.34 0.06 0.97
2014-04-18T15:23:27.000000Z 0.16 0.31 1.00
2014-04-18T15:23:27.000000Z 0.25 0.44 0.81
2014-04-18T15:23:27.000000Z 0.53 -0.06 0.69
2014-04-18T15:23:27.000000Z 0.63 -0.41 1.03
2014-04-18T15:23:27.000000Z 0.59 -0.44 0.69
2014-04-18T15:23:27.000000Z 0.31 -0.13 0.66
2014-04-18T15:23:27.000000Z 0.25 0.16 0.63
2014-04-18T15:23:27.000000Z -0.06 -0.28 0.94
2014-04-18T15:23:27.000000Z 0.06 0.59 0.41
2014-04-18T15:23:27.000000Z 0.03 0.00 0.47
2014-04-18T15:23:27.000000Z -0.09 0.19 0.78
2014-04-18T15:23:27.000000Z 0.19 -0.88 1.03
2014-04-18T15:23:27.000000Z 0.66 -0.44 1.72
2014-04-18T15:23:27.000000Z 0.41 -0.31 1.97
2014-04-18T15:23:27.000000Z -0.03 0.00 1.75
2014-04-18T15:23:27.000000Z -0.19 0.31 1.13
2014-04-18T15:23:27.000000Z 0.00 0.22 0.16
2014-04-18T15:23:28.000000Z 0.72 0.78 -1.41
2014-04-18T15:23:28.000000Z 0.97 0.25 -2.31
2014-04-18T15:23:28.000000Z 0.50 0.03 -1.88
2014-04-18T15:23:28.000000Z 0.25 0.09 -1.00
2014-04-18T15:23:28.000000Z 0.16 -0.63 2.59
2014-04-18T15:23:28.000000Z -0.97 -1.03 6.97
2014-04-18T15:23:28.000000Z -0.97 1.94 2.88
2014-04-18T15:23:28.000000Z 0.91 -0.59 0.34
2014-04-18T15:23:28.000000Z 0.84 -0.16 -1.34
2014-04-18T15:23:28.000000Z 0.41 0.03 -2.25
2014-04-18T15:23:28.000000Z -0.09 0.34 -1.75
2014-04-18T15:23:28.000000Z 0.09 0.22 -0.69
2014-04-18T15:23:28.000000Z 0.63 -0.19 2.25
2014-04-18T15:23:28.000000Z 0.13 -0.91 5.72
2014-04-18T15:23:28.000000Z 0.00 0.63 2.69
2014-04-18T15:23:28.000000Z 0.53 -0.09 0.13
2014-04-18T15:23:28.000000Z 0.41 0.13 -1.75
2014-04-18T15:23:28.000000Z 0.31 0.06 -2.06
2014-04-18T15:23:28.000000Z 0.25 0.13 -1.59
2014-04-18T15:23:28.000000Z 0.09 0.44 0.63
2014-04-18T15:23:28.000000Z -0.22 -1.06 5.56
2014-04-18T15:23:28.000000Z -0.13 0.66 3.88
2014-04-18T15:23:28.000000Z 0.41 -0.34 0.13
2014-04-18T15:23:28.000000Z 0.22 -0.16 -2.06
2014-04-18T15:23:28.000000Z 0.31 0.06 -2.56
2014-04-18T15:23:28.000000Z 0.09 0.09 -2.00
2014-04-18T15:23:28.000000Z 0.16 0.09 -0.25
2014-04-18T15:23:28.000000Z -0.50 -1.13 5.44
2014-04-18T15:23:28.000000Z -0.06 0.03 5.47
2014-04-18T15:23:28.000000Z 0.44 0.41 1.88
2014-04-18T15:23:29.000000Z 0.59 -0.31 -0.03
2014-04-18T15:23:29.000000Z 0.28 -0.25 -1.28
2014-04-18T15:23:29.000000Z 0.44 0.06 -2.34
2014-04-18T15:23:29.000000Z 0.41 0.19 -1.66
2014-04-18T15:23:29.000000Z 0.03 0.09 0.34
2014-04-18T15:23:29.000000Z -0.38 -0.47 3.91
2014-04-18T15:23:29.000000Z 0.13 -0.75 5.47
2014-04-18T15:23:29.000000Z 0.16 0.63 2.47
2014-04-18T15:23:29.000000Z -0.56 0.00 0.06
2014-04-18T15:23:29.000000Z 1.09 -0.59 -2.34
2014-04-18T15:23:29.000000Z 0.56 0.06 -2.50
2014-04-18T15:23:29.000000Z 0.09 0.16 -1.06
2014-04-18T15:23:29.000000Z -0.50 0.53 1.44
2014-04-18T15:23:29.000000Z -0.44 -0.75 5.00
2014-04-18T15:23:29.000000Z 0.09 0.47 3.41
2014-04-18T15:23:29.000000Z 0.22 0.00 1.09
2014-04-18T15:23:29.000000Z 0.44 -0.41 -0.59
2014-04-18T15:23:29.000000Z 0.69 -0.16 -1.75
2014-04-18T15:23:29.000000Z 0.28 0.31 -1.66
2014-04-18T15:23:29.000000Z 0.06 0.09 -0.53
2014-04-18T15:23:29.000000Z -0.50 -0.53 3.22
2014-04-18T15:23:29.000000Z -0.34 -0.09 4.84
2014-04-18T15:23:29.000000Z -0.09 0.22 2.38
2014-04-18T15:23:29.000000Z 0.00 -0.47 0.03
2014-04-18T15:23:29.000000Z 0.53 -0.44 -1.63
2014-04-18T15:23:29.000000Z 0.47 0.28 -1.91
2014-04-18T15:23:29.000000Z 0.25 0.34 -1.38
2014-04-18T15:23:29.000000Z -0.06 0.06 0.72
2014-04-18T15:23:29.000000Z -0.69 -1.31 4.44
2014-04-18T15:23:30.000000Z -0.13 -0.50 4.63
2014-04-18T15:23:30.000000Z -0.13 0.47 1.88
2014-04-18T15:23:30.000000Z -0.03 -0.31 0.22
2014-04-18T15:23:30.000000Z 0.50 -0.44 -1.00
2014-04-18T15:23:30.000000Z 0.94 -0.06 -1.63
2014-04-18T15:23:30.000000Z 0.63 0.19 -1.31
2014-04-18T15:23:30.000000Z 0.34 0.00 -0.56
2014-04-18T15:23:30.000000Z -0.75 -0.41 2.13
2014-04-18T15:23:30.000000Z -1.59 -3.19 5.59
2014-04-18T15:23:30.000000Z -0.97 0.31 3.19
2014-04-18T15:23:30.000000Z -0.09 0.00 1.13
2014-04-18T15:23:30.000000Z 0.31 -0.44 0.13
2014-04-18T15:23:30.000000Z 0.41 -0.19 -0.22
2014-04-18T15:23:30.000000Z 0.50 -0.06 -0.03
2014-04-18T15:23:30.000000Z 0.44 0.03 0.44
2014-04-18T15:23:30.000000Z 0.38 0.31 0.81
2014-04-18T15:23:30.000000Z 0.34 -0.19 0.94
2014-04-18T15:23:30.000000Z 0.50 -0.63 1.09
2014-04-18T15:23:30.000000Z 0.50 -0.50 0.91
2014-04-18T15:23:30.000000Z 0.13 0.00 0.88
2014-04-18T15:23:30.000000Z 1.00 -0.50 0.56
2014-04-18T15:23:30.000000Z 0.50 -0.53 0.56
2014-04-18T15:23:30.000000Z 0.44 -0.22 0.63
2014-04-18T15:23:30.000000Z 0.56 -0.19 0.78
2014-04-18T15:23:30.000000Z 0.69 -0.06 0.75
2014-04-18T15:23:30.000000Z 0.59 -0.13 0.69
2014-04-18T15:23:30.000000Z 0.56 -0.38 0.63
2014-04-18T15:23:30.000000Z 0.44 -0.31 0.56
2014-04-18T15:23:30.000000Z 0.59 -0.38 0.72
2014-04-18T15:23:30.000000Z 0.63 -0.34 0.47
2014-04-18T15:23:31.000000Z 0.59 -0.28 0.69
2014-04-18T15:23:31.000000Z 0.59 -0.19 0.69
2014-04-18T15:23:31.000000Z 0.63 -0.31 0.72
2014-04-18T15:23:31.000000Z 0.63 -0.28 0.75
2014-04-18T15:23:31.000000Z 0.25 -0.25 0.88
2014-04-18T15:23:31.000000Z 0.44 -0.47 0.75
2014-04-18T15:23:31.000000Z 0.50 -0.28 0.75
2014-04-18T15:23:31.000000Z 0.44 -0.34 0.75
2014-04-18T15:23:31.000000Z 0.47 -0.38 0.81
2014-04-18T15:23:31.000000Z 0.34 -0.25 0.69
2014-04-18T15:23:31.000000Z 0.31 -0.47 0.75
2014-04-18T15:23:31.000000Z 0.28 -0.47 0.72
2014-04-18T15:23:31.000000Z 0.28 -0.66 0.69
2014-04-18T15:23:31.000000Z 0.25 -0.56 0.72
2014-04-18T15:23:31.000000Z 0.22 -0.72 0.72
2014-04-18T15:23:31.000000Z 0.31 -0.75 0.72
2014-04-18T15:23:31.000000Z 0.28 -0.78 0.63
2014-04-18T15:23:31.000000Z 0.25 -0.94 0.63
2014-04-18T15:23:31.000000Z 0.22 -0.84 0.53
2014-04-18T15:23:31.000000Z 0.22 -0.75 0.53
2014-04-18T15:23:31.000000Z 0.22 -0.69 0.53
2014-04-18T15:23:31.000000Z 0.34 -0.59 0.50
2014-04-18T15:23:31.000000Z 0.13 -0.97 0.44
2014-04-18T15:23:31.000000Z 0.19 -0.97 0.44
2014-04-18T15:23:31.000000Z 0.16 -0.88 0.38
2014-04-18T15:23:31.000000Z 0.19 -1.00 0.44
2014-04-18T15:23:31.000000Z 0.03 -0.91 0.41
2014-04-18T15:23:31.000000Z 0.09 -0.88 0.34
2014-04-18T15:23:31.000000Z 0.13 -1.00 0.38
2014-04-18T15:23:31.000000Z 0.00 -1.06 0.44
2014-04-18T15:23:32.000000Z 0.00 -0.72 0.34
2014-04-18T15:23:32.000000Z 0.03 -0.84 0.41
2014-04-18T15:23:32.000000Z 0.00 -0.97 0.41
2014-04-18T15:23:32.000000Z 0.00 -0.94 0.41
2014-04-18T15:23:32.000000Z -0.09 -0.88 0.50
2014-04-18T15:23:32.000000Z 0.06 -0.91 0.56
2014-04-18T15:23:32.000000Z 0.31 -0.78 0.72
2014-04-18T15:23:32.000000Z 0.09 -0.69 0.56
2014-04-18T15:23:32.000000Z 0.06 -0.72 0.63
2014-04-18T15:23:32.000000Z 0.34 -0.75 0.81
2014-04-18T15:23:32.000000Z 0.19 -0.72 0.78
2014-04-18T15:23:32.000000Z 0.13 -0.81 0.75
2014-04-18T15:23:32.000000Z 0.09 -0.63 0.69
2014-04-18T15:23:32.000000Z 0.09 -0.53 0.75
2014-04-18T15:23:32.000000Z 0.06 -0.50 0.72
2014-04-18T15:23:32.000000Z 0.09 -0.66 0.78
2014-04-18T15:23:32.000000Z 0.09 -0.59 0.81
2014-04-18T15:23:32.000000Z 0.06 -0.50 0.78
2014-04-18T15:23:32.000000Z 0.13 -0.53 0.78
2014-04-18T15:23:32.000000Z 0.13 -0.53 0.91
2014-04-18T15:23:32.000000Z 0.00 -0.38 0.88
2014-04-18T15:23:32.000000Z 0.09 -0.28 0.84
2014-04-18T15:23:32.000000Z 0.13 -0.38 0.91
2014-04-18T15:23:32.000000Z 0.13 -0.41 0.91
2014-04-18T15:23:32.000000Z 0.19 -0.31 0.94
2014-04-18T15:23:32.000000Z 0.22 -0.34 0.94
2014-04-18T15:23:32.000000Z 0.16 -0.31 0.91
2014-04-18T15:23:32.000000Z 0.13 -0.31 0.88
2014-04-18T15:23:32.000000Z 0.19 -0.25 0.88
2014-04-18T15:23:33.000000Z 0.16 -0.28 0.94
2014-04-18T15:23:33.000000Z 0.13 -0.19 0.94
2014-04-18T15:23:33.000000Z 0.13 -0.22 0.94
2014-04-18T15:23:33.000000Z 0.16 -0.16 0.97
2014-04-18T15:23:33.000000Z 0.13 -0.06 0.94
2014-04-18T15:23:33.000000Z 0.09 0.00 0.94
2014-04-18T15:23:33.000000Z 0.09 0.09 0.94
2014-04-18T15:23:33.000000Z 0.13 0.09 0.91
2014-04-18T15:23:33.000000Z 0.06 0.19 0.94
2014-04-18T15:23:33.000000Z 0.06 0.13 0.91
2014-04-18T15:23:33.000000Z 0.06 0.22 0.91
2014-04-18T15:23:33.000000Z 0.06 0.25 0.94
2014-04-18T15:23:33.000000Z 0.06 0.19 0.97
2014-04-18T15:23:33.000000Z 0.00 0.22 0.91
2014-04-18T15:23:33.000000Z 0.00 0.25 0.94
2014-04-18T15:23:33.000000Z 0.03 0.25 0.84
2014-04-18T15:23:33.000000Z 0.03 0.25 0.88
2014-04-18T15:23:33.000000Z 0.00 0.25 0.94
2014-04-18T15:23:33.000000Z 0.13 0.09 0.88
2014-04-18T15:23:33.000000Z 0.06 0.13 0.97
2014-04-18T15:23:33.000000Z 0.09 0.06 0.91
2014-04-18T15:23:33.000000Z 0.03 0.13 0.91
2014-04-18T15:23:33.000000Z -0.09 0.25 1.00
2014-04-18T15:23:33.000000Z -0.06 0.19 0.97
2014-04-18T15:23:33.000000Z -0.09 0.16 0.94
2014-04-18T15:23:33.000000Z -0.03 0.06 0.91
2014-04-18T15:23:33.000000Z -0.09 0.09 0.94
2014-04-18T15:23:33.000000Z -0.09 0.09 1.00
2014-04-18T15:23:33.000000Z -0.09 0.06 0.94
2014-04-18T15:23:33.000000Z -0.06 0.06 1.00
2014-04-18T15:23:33.000000Z -0.09 0.09 0.97
2014-04-18T15:23:34.000000Z -0.06 0.13 0.97
2014-04-18T15:23:34.000000Z -0.09 0.03 1.00
2014-04-18T15:23:34.000000Z -0.09 0.09 0.94
2014-04-18T15:23:34.000000Z -0.13 0.06 0.97
2014-04-18T15:23:34.000000Z -0.13 0.03 0.97
2014-04-18T15:23:34.000000Z -0.06 0.03 0.97
2014-04-18T15:23:34.000000Z -0.09 0.06 0.94
2014-04-18T15:23:34.000000Z -0.06 0.09 0.97
2014-04-18T15:23:34.000000Z -0.09 0.06 0.91
2014-04-18T15:23:34.000000Z -0.09 0.03 0.94
2014-04-18T15:23:34.000000Z -0.16 0.13 0.91
2014-04-18T15:23:34.000000Z -0.09 0.06 0.97
2014-04-18T15:23:34.000000Z -0.09 0.03 0.91
2014-04-18T15:23:34.000000Z -0.13 0.06 0.91
2014-04-18T15:23:34.000000Z -0.06 0.06 0.94
2014-04-18T15:23:34.000000Z -0.09 0.03 0.94
2014-04-18T15:23:34.000000Z -0.06 0.03 0.97
2014-04-18T15:23:34.000000Z -0.03 0.06 0.97
2014-04-18T15:23:34.000000Z -0.09 0.03 0.97
2014-04-18T15:23:34.000000Z -0.06 0.03 0.94
2014-04-18T15:23:34.000000Z -0.13 0.00 0.94
2014-04-18T15:23:34.000000Z -0.03 0.00 0.94
2014-04-18T15:23:34.000000Z -0.06 0.06 0.94
2014-04-18T15:23:34.000000Z -0.09 0.00 1.00
2014-04-18T15:23:34.000000Z -0.16 0.03 0.94
2014-04-18T15:23:34.000000Z 0.00 0.06 0.94
2014-04-18T15:23:34.000000Z -0.13 0.19 0.91
